CpG context (R1)
================
position	count methylated	count unmethylated	% methylation	coverage
1	0	5	0.00	5
2	0	17	0.00	17
3	0	9	0.00	9
4	1	12	7.69	13
5	0	6	0.00	6
6	0	13	0.00	13
7	0	15	0.00	15
8	0	14	0.00	14
9	0	13	0.00	13
10	2	9	18.18	11
11	2	27	6.90	29
12	1	29	3.33	30
13	2	78	2.50	80
14	4	33	10.81	37
15	4	100	3.85	104
16	2	257	0.77	259
17	18	1039	1.70	1057
18	2	125	1.57	127
19	21	392	5.08	413
20	10	2350	0.42	2360
21	7	1269	0.55	1276
22	22	924	2.33	946
23	10	1201	0.83	1211
24	6	448	1.32	454
25	13	1134	1.13	1147
26	6	328	1.80	334
27	14	1168	1.18	1182
28	9	335	2.62	344
29	18	607	2.88	625
30	6	491	1.21	497
31	14	886	1.56	900
32	9	841	1.06	850
33	10	233	4.12	243
34	25	1474	1.67	1499
35	3	141	2.08	144
36	17	1380	1.22	1397
37	4	319	1.24	323
38	15	593	2.47	608
39	6	139	4.14	145
40	13	277	4.48	290
41	40	1681	2.32	1721
42	2	497	0.40	499
43	44	1595	2.68	1639
44	5	1042	0.48	1047
45	1	18	5.26	19
46	1	118	0.84	119
47	1	33	2.94	34
48	5	129	3.73	134
49	2	81	2.41	83
50	8	629	1.26	637
51	0	39	0.00	39
52	3	140	2.10	143
53	23	562	3.93	585
54	1	515	0.19	516
55	5	442	1.12	447
56	56	3429	1.61	3485
57	13	770	1.66	783
58	0	37	0.00	37
59	3	144	2.04	147
60	8	718	1.10	726
61	1	61	1.61	62
62	3	429	0.69	432
63	5	221	2.21	226
64	25	738	3.28	763
65	6	1069	0.56	1075
66	17	567	2.91	584
67	0	246	0.00	246
68	2	1090	0.18	1092
69	18	656	2.67	674
70	14	950	1.45	964
71	73	2240	3.16	2313
72	1	99	1.00	100
73	2	186	1.06	188
74	12	1014	1.17	1026
75	82	2212	3.57	2294
76	0	105	0.00	105
77	22	980	2.20	1002
78	11	1665	0.66	1676
79	2	270	0.74	272
80	14	1593	0.87	1607
81	5	262	1.87	267
82	2	222	0.89	224
83	2	520	0.38	522
84	5	1252	0.40	1257
85	18	93	16.22	111
86	15	285	5.00	300
87	7	75	8.54	82
88	96	1459	6.17	1555
89	1	56	1.75	57
90	9	602	1.47	611
91	69	1403	4.69	1472
92	1	86	1.15	87
93	1	263	0.38	264
94	4	189	2.07	193
95	2	330	0.60	332
96	2	78	2.50	80
97	5	175	2.78	180
98	7	209	3.24	216
99	25	592	4.05	617
100	7	253	2.69	260
101	22	549	3.85	571
102	37	1759	2.06	1796
103	61	1383	4.22	1444
104	11	467	2.30	478
105	0	22	0.00	22
106	0	22	0.00	22
107	3	119	2.46	122
108	1	192	0.52	193
109	5	482	1.03	487
110	4	459	0.86	463
111	13	503	2.52	516
112	6	399	1.48	405
113	6	312	1.89	318
114	62	2247	2.69	2309
115	4	203	1.93	207
116	0	61	0.00	61
117	4	189	2.07	193
118	6	584	1.02	590
119	10	318	3.05	328
120	6	91	6.19	97
121	5	201	2.43	206
122	6	80	6.98	86
123	10	280	3.45	290
124	4	254	1.55	258
125	62	988	5.90	1050
126	25	1290	1.90	1315
127	2	57	3.39	59
128	1	76	1.30	77
129	1	31	3.12	32
130	0	52	0.00	52
131	33	548	5.68	581
132	0	21	0.00	21
133	0	20	0.00	20
134	6	53	10.17	59
135	16	200	7.41	216
136	24	512	4.48	536
137	80	1304	5.78	1384
138	8	318	2.45	326
139	12	370	3.14	382
140	81	1212	6.26	1293
141	2	169	1.17	171
142	7	278	2.46	285
143	2	114	1.72	116
144	3	1269	0.24	1272
145	1	67	1.47	68
146	5	329	1.50	334
147	2	134	1.47	136
148	4	1436	0.28	1440
149	9	366	2.40	375
150	11	1788	0.61	1799
151	14	367	3.67	381
152	21	747	2.73	768
153	79	2905	2.65	2984
154	7	272	2.51	279
155	18	954	1.85	972
156	13	598	2.13	611
157	83	2678	3.01	2761
158	2	83	2.35	85
159	21	718	2.84	739
160	5	1416	0.35	1421
161	2	109	1.80	111
162	3	180	1.64	183
163	7	1476	0.47	1483
164	0	40	0.00	40
165	0	45	0.00	45
166	4	156	2.50	160
167	4	300	1.32	304
168	11	422	2.54	433
169	15	710	2.07	725
170	7	218	3.11	225
171	9	455	1.94	464
172	40	2346	1.68	2386
173	9	623	1.42	632
174	1	26	3.70	27
175	0	55	0.00	55
176	4	197	1.99	201
177	3	407	0.73	410
178	1	115	0.86	116
179	1	150	0.66	151
180	0	21	0.00	21
181	0	67	0.00	67
182	2	116	1.69	118
183	2	262	0.76	264
184	6	1484	0.40	1490
185	25	1068	2.29	1093
186	4	235	1.67	239
187	25	991	2.46	1016
188	7	38	15.56	45
189	0	40	0.00	40
190	1	77	1.28	78
191	2	166	1.19	168
192	16	152	9.52	168
193	22	235	8.56	257
194	4	93	4.12	97
195	3	52	5.45	55
196	3	151	1.95	154
197	2	153	1.29	155
198	2	71	2.74	73
199	12	140	7.89	152
200	20	267	6.97	287
201	32	1270	2.46	1302
202	2	135	1.46	137
203	28	1410	1.95	1438
204	11	170	6.08	181
205	43	1444	2.89	1487
206	4	152	2.56	156
207	2	396	0.50	398
208	12	2945	0.41	2957
209	2	296	0.67	298
210	0	170	0.00	170
211	7	530	1.30	537
212	1	34	2.86	35
213	0	14	0.00	14
214	1	7	12.50	8
215	0	1	0.00	1
216	0	0		0
217	0	1	0.00	1
218	0	0		0
219	0	4	0.00	4
220	0	8	0.00	8
221	0	1	0.00	1
222	0	1	0.00	1
223	0	2	0.00	2
224	1	5	16.67	6
225	0	3	0.00	3
226	0	3	0.00	3
227	0	0		0
228	0	2	0.00	2
229	0	0		0

CHG context (R1)
================
position	count methylated	count unmethylated	% methylation	coverage
1	0	272	0.00	272
2	0	851	0.00	851
3	0	207	0.00	207
4	0	626	0.00	626
5	0	2050	0.00	2050
6	0	450	0.00	450
7	0	749	0.00	749
8	0	363	0.00	363
9	0	1737	0.00	1737
10	0	1074	0.00	1074
11	0	33	0.00	33
12	1	843	0.12	844
13	2	154	1.28	156
14	0	607	0.00	607
15	0	528	0.00	528
16	1	1394	0.07	1395
17	0	46	0.00	46
18	0	1409	0.00	1409
19	2	46	4.17	48
20	2	629	0.32	631
21	30	2183	1.36	2213
22	2	102	1.92	104
23	3	657	0.45	660
24	10	888	1.11	898
25	10	946	1.05	956
26	4	865	0.46	869
27	7	1926	0.36	1933
28	5	778	0.64	783
29	4	117	3.31	121
30	28	1148	2.38	1176
31	13	957	1.34	970
32	0	111	0.00	111
33	18	1423	1.25	1441
34	17	770	2.16	787
35	8	860	0.92	868
36	12	576	2.04	588
37	21	794	2.58	815
38	33	1524	2.12	1557
39	7	773	0.90	780
40	8	100	7.41	108
41	37	1265	2.84	1302
42	11	1012	1.08	1023
43	8	302	2.58	310
44	3	133	2.21	136
45	13	1063	1.21	1076
46	46	1376	3.23	1422
47	40	895	4.28	935
48	24	910	2.57	934
49	29	2153	1.33	2182
50	16	1422	1.11	1438
51	12	205	5.53	217
52	2	166	1.19	168
53	7	707	0.98	714
54	28	1321	2.08	1349
55	11	301	3.53	312
56	16	951	1.65	967
57	11	483	2.23	494
58	3	72	4.00	75
59	7	218	3.11	225
60	49	1639	2.90	1688
61	16	2231	0.71	2247
62	16	388	3.96	404
63	0	79	0.00	79
64	1	173	0.57	174
65	14	949	1.45	963
66	28	1160	2.36	1188
67	9	1127	0.79	1136
68	12	877	1.35	889
69	96	2448	3.77	2544
70	8	1181	0.67	1189
71	23	1010	2.23	1033
72	69	1310	5.00	1379
73	15	506	2.88	521
74	5	1283	0.39	1288
75	4	273	1.44	277
76	87	1948	4.28	2035
77	11	1873	0.58	1884
78	12	569	2.07	581
79	19	1066	1.75	1085
80	20	426	4.48	446
81	63	1506	4.02	1569
82	5	697	0.71	702
83	12	1930	0.62	1942
84	41	1094	3.61	1135
85	32	1816	1.73	1848
86	17	1224	1.37	1241
87	13	938	1.37	951
88	5	156	3.11	161
89	24	987	2.37	1011
90	5	1057	0.47	1062
91	22	294	6.96	316
92	4	120	3.23	124
93	2	199	1.00	201
94	65	1473	4.23	1538
95	4	134	2.90	138
96	20	449	4.26	469
97	6	222	2.63	228
98	24	888	2.63	912
99	18	804	2.19	822
100	10	605	1.63	615
101	63	2801	2.20	2864
102	11	797	1.36	808
103	39	707	5.23	746
104	10	618	1.59	628
105	53	2237	2.31	2290
106	5	160	3.03	165
107	26	765	3.29	791
108	2	168	1.18	170
109	1	61	1.61	62
110	27	647	4.01	674
111	76	2122	3.46	2198
112	14	953	1.45	967
113	32	1199	2.60	1231
114	17	488	3.37	505
115	42	2158	1.91	2200
116	12	548	2.14	560
117	46	1225	3.62	1271
118	2	118	1.67	120
119	3	176	1.68	179
120	8	425	1.85	433
121	7	375	1.83	382
122	3	81	3.57	84
123	24	1249	1.89	1273
124	3	90	3.23	93
125	22	485	4.34	507
126	44	968	4.35	1012
127	65	1802	3.48	1867
128	6	205	2.84	211
129	53	853	5.85	906
130	10	323	3.00	333
131	6	829	0.72	835
132	18	541	3.22	559
133	10	264	3.65	274
134	69	959	6.71	1028
135	1	52	1.89	53
136	0	45	0.00	45
137	2	91	2.15	93
138	7	1581	0.44	1588
139	5	253	1.94	258
140	2	218	0.91	220
141	16	401	3.84	417
142	10	426	2.29	436
143	3	759	0.39	762
144	8	442	1.78	450
145	9	1658	0.54	1667
146	14	1011	1.37	1025
147	57	1490	3.68	1547
148	45	1514	2.89	1559
149	11	488	2.20	499
150	13	520	2.44	533
151	15	1861	0.80	1876
152	70	1830	3.68	1900
153	2	193	1.03	195
154	8	1569	0.51	1577
155	9	305	2.87	314
156	58	1008	5.44	1066
157	10	185	5.13	195
158	13	1558	0.83	1571
159	49	1239	3.80	1288
160	2	252	0.79	254
161	27	2098	1.27	2125
162	8	761	1.04	769
163	1	162	0.61	163
164	11	747	1.45	758
165	14	560	2.44	574
166	1	166	0.60	167
167	13	1578	0.82	1591
168	34	1392	2.38	1426
169	3	73	3.95	76
170	1	120	0.83	121
171	3	265	1.12	268
172	8	528	1.49	536
173	10	385	2.53	395
174	28	1530	1.80	1558
175	2	142	1.39	144
176	7	311	2.20	318
177	1	96	1.03	97
178	6	239	2.45	245
179	11	1959	0.56	1970
180	5	268	1.83	273
181	18	397	4.34	415
182	48	1220	3.79	1268
183	6	163	3.55	169
184	4	206	1.90	210
185	16	204	7.27	220
186	26	309	7.76	335
187	14	675	2.03	689
188	5	144	3.36	149
189	8	303	2.57	311
190	30	1028	2.84	1058
191	16	131	10.88	147
192	27	241	10.07	268
193	9	208	4.15	217
194	8	873	0.91	881
195	15	1012	1.46	1027
196	1	29	3.33	30
197	2	97	2.02	99
198	11	137	7.43	148
199	22	306	6.71	328
200	4	290	1.36	294
201	18	1117	1.59	1135
202	18	283	5.98	301
203	3	50	5.66	53
204	2	92	2.13	94
205	2	645	0.31	647
206	1	48	2.04	49
207	0	121	0.00	121
208	1	124	0.80	125
209	0	16	0.00	16
210	0	55	0.00	55
211	0	78	0.00	78
212	0	415	0.00	415
213	0	10	0.00	10
214	0	4	0.00	4
215	0	1	0.00	1
216	2	27	6.90	29
217	0	5	0.00	5
218	0	20	0.00	20
219	1	293	0.34	294
220	0	5	0.00	5
221	0	5	0.00	5
222	0	51	0.00	51
223	0	283	0.00	283
224	0	30	0.00	30
225	0	3	0.00	3
226	0	13	0.00	13
227	0	16	0.00	16
228	0	18	0.00	18
229	0	0		0

CHH context (R1)
================
position	count methylated	count unmethylated	% methylation	coverage
1	1	1126	0.09	1127
2	0	147	0.00	147
3	0	996	0.00	996
4	0	545	0.00	545
5	0	631	0.00	631
6	0	433	0.00	433
7	0	1656	0.00	1656
8	2	1675	0.12	1677
9	1	2563	0.04	2564
10	0	1600	0.00	1600
11	0	549	0.00	549
12	0	1641	0.00	1641
13	1	2884	0.03	2885
14	1	85	1.16	86
15	0	1870	0.00	1870
16	0	933	0.00	933
17	0	1047	0.00	1047
18	2	544	0.37	546
19	2	884	0.23	886
20	2	162	1.22	164
21	6	652	0.91	658
22	2	120	1.64	122
23	0	83	0.00	83
24	11	889	1.22	900
25	9	901	0.99	910
26	6	1158	0.52	1164
27	3	805	0.37	808
28	6	1614	0.37	1620
29	11	2603	0.42	2614
30	30	2277	1.30	2307
31	7	403	1.71	410
32	4	386	1.03	390
33	7	907	0.77	914
34	37	2495	1.46	2532
35	24	3004	0.79	3028
36	7	1723	0.40	1730
37	13	1347	0.96	1360
38	25	1617	1.52	1642
39	20	1079	1.82	1099
40	34	2710	1.24	2744
41	10	1431	0.69	1441
42	30	2052	1.44	2082
43	23	1392	1.63	1415
44	15	1422	1.04	1437
45	8	685	1.15	693
46	6	459	1.29	465
47	73	2812	2.53	2885
48	56	2213	2.47	2269
49	12	1004	1.18	1016
50	29	1182	2.39	1211
51	97	2962	3.17	3059
52	20	2206	0.90	2226
53	72	3105	2.27	3177
54	25	1749	1.41	1774
55	28	1387	1.98	1415
56	33	864	3.68	897
57	38	1332	2.77	1370
58	66	1915	3.33	1981
59	34	1052	3.13	1086
60	74	2402	2.99	2476
61	71	2133	3.22	2204
62	35	1254	2.72	1289
63	73	2034	3.46	2107
64	7	732	0.95	739
65	86	2764	3.02	2850
66	88	2449	3.47	2537
67	54	1476	3.53	1530
68	90	2360	3.67	2450
69	51	2159	2.31	2210
70	37	1542	2.34	1579
71	19	1081	1.73	1100
72	84	2906	2.81	2990
73	75	3343	2.19	3418
74	10	514	1.91	524
75	67	2592	2.52	2659
76	25	1282	1.91	1307
77	73	1843	3.81	1916
78	130	3748	3.35	3878
79	39	1622	2.35	1661
80	11	595	1.82	606
81	23	1035	2.17	1058
82	98	3047	3.12	3145
83	47	1762	2.60	1809
84	100	2497	3.85	2597
85	49	1463	3.24	1512
86	43	1702	2.46	1745
87	31	1079	2.79	1110
88	7	2221	0.31	2228
89	37	1852	1.96	1889
90	23	2252	1.01	2275
91	34	2485	1.35	2519
92	34	2142	1.56	2176
93	38	2383	1.57	2421
94	34	1399	2.37	1433
95	48	2744	1.72	2792
96	30	2258	1.31	2288
97	24	1941	1.22	1965
98	45	1681	2.61	1726
99	33	1486	2.17	1519
100	40	1817	2.15	1857
101	1	176	0.56	177
102	16	1046	1.51	1062
103	11	1043	1.04	1054
104	68	2461	2.69	2529
105	17	1277	1.31	1294
106	13	1269	1.01	1282
107	11	693	1.56	704
108	79	2234	3.42	2313
109	60	1524	3.79	1584
110	33	717	4.40	750
111	12	355	3.27	367
112	36	1325	2.65	1361
113	9	955	0.93	964
114	40	2212	1.78	2252
115	41	1429	2.79	1470
116	63	2119	2.89	2182
117	46	1318	3.37	1364
118	19	667	2.77	686
119	4	397	1.00	401
120	81	2543	3.09	2624
121	13	678	1.88	691
122	38	1207	3.05	1245
123	45	1428	3.05	1473
124	42	1896	2.17	1938
125	4	446	0.89	450
126	31	1806	1.69	1837
127	50	1442	3.35	1492
128	33	1421	2.27	1454
129	48	1288	3.59	1336
130	6	447	1.32	453
131	15	783	1.88	798
132	7	1455	0.48	1462
133	3	459	0.65	462
134	8	474	1.66	482
135	10	941	1.05	951
136	24	2092	1.13	2116
137	29	1644	1.73	1673
138	21	1407	1.47	1428
139	35	2786	1.24	2821
140	35	2041	1.69	2076
141	5	1301	0.38	1306
142	88	1753	4.78	1841
143	14	507	2.69	521
144	134	2098	6.00	2232
145	19	609	3.03	628
146	61	1176	4.93	1237
147	22	571	3.71	593
148	7	198	3.41	205
149	16	468	3.31	484
150	76	1943	3.76	2019
151	55	1661	3.21	1716
152	35	918	3.67	953
153	13	507	2.50	520
154	12	750	1.57	762
155	55	2559	2.10	2614
156	35	1074	3.16	1109
157	14	820	1.68	834
158	4	682	0.58	686
159	18	653	2.68	671
160	22	1236	1.75	1258
161	29	930	3.02	959
162	11	541	1.99	552
163	51	1204	4.06	1255
164	10	286	3.38	296
165	52	1144	4.35	1196
166	10	360	2.70	370
167	46	1355	3.28	1401
168	40	1338	2.90	1378
169	7	564	1.23	571
170	44	1358	3.14	1402
171	6	281	2.09	287
172	2	74	2.63	76
173	4	128	3.03	132
174	3	1342	0.22	1345
175	3	140	2.10	143
176	2	1316	0.15	1318
177	3	29	9.38	32
178	1	51	1.92	52
179	5	204	2.39	209
180	8	326	2.40	334
181	28	1014	2.69	1042
182	1	89	1.11	90
183	2	83	2.35	85
184	17	331	4.89	348
185	26	563	4.41	589
186	6	1516	0.39	1522
187	3	1311	0.23	1314
188	3	1325	0.23	1328
189	4	65	5.80	69
190	16	212	7.02	228
191	21	452	4.44	473
192	11	1716	0.64	1727
193	20	2610	0.76	2630
194	15	1027	1.44	1042
195	0	28	0.00	28
196	0	31	0.00	31
197	0	48	0.00	48
198	3	196	1.51	199
199	2	1548	0.13	1550
200	8	1059	0.75	1067
201	2	133	1.48	135
202	6	714	0.83	720
203	6	699	0.85	705
204	0	99	0.00	99
205	2	63	3.08	65
206	0	127	0.00	127
207	4	255	1.54	259
208	0	30	0.00	30
209	0	34	0.00	34
210	0	32	0.00	32
211	0	22	0.00	22
212	0	82	0.00	82
213	0	41	0.00	41
214	0	12	0.00	12
215	0	48	0.00	48
216	2	51	3.77	53
217	2	11	15.38	13
218	1	16	5.88	17
219	1	35	2.78	36
220	1	319	0.31	320
221	1	18	5.26	19
222	0	3	0.00	3
223	0	7	0.00	7
224	0	12	0.00	12
225	0	24	0.00	24
226	0	2	0.00	2
227	0	1	0.00	1
228	0	7	0.00	7
229	0	4	0.00	4

CpG context (R2)
================
position	count methylated	count unmethylated	% methylation	coverage
1	0	0		0
2	0	0		0
3	0	1	0.00	1
4	0	1	0.00	1
5	0	1	0.00	1
6	0	1	0.00	1
7	0	0		0
8	0	2	0.00	2
9	0	1	0.00	1
10	0	4	0.00	4
11	0	3	0.00	3
12	0	2	0.00	2
13	0	4	0.00	4
14	0	1	0.00	1
15	0	7	0.00	7
16	0	11	0.00	11
17	23	950	2.36	973
18	1	6	14.29	7
19	8	64	11.11	72
20	0	16	0.00	16
21	0	25	0.00	25
22	8	244	3.17	252
23	0	6	0.00	6
24	0	4	0.00	4
25	0	10	0.00	10
26	0	2	0.00	2
27	1	11	8.33	12
28	1	10	9.09	11
29	6	195	2.99	201
30	0	43	0.00	43
31	0	6	0.00	6
32	3	642	0.47	645
33	1	2	33.33	3
34	8	763	1.04	771
35	0	4	0.00	4
36	0	22	0.00	22
37	0	8	0.00	8
38	0	8	0.00	8
39	1	2	33.33	3
40	1	10	9.09	11
41	0	6	0.00	6
42	0	16	0.00	16
43	1	4	20.00	5
44	0	0		0
45	0	1	0.00	1
46	0	5	0.00	5
47	0	1	0.00	1
48	0	1	0.00	1
49	0	3	0.00	3
50	0	6	0.00	6
51	0	0		0
52	0	2	0.00	2
53	1	71	1.39	72
54	0	5	0.00	5
55	0	16	0.00	16
56	0	20	0.00	20
57	10	618	1.59	628
58	0	3	0.00	3
59	0	5	0.00	5
60	0	8	0.00	8
61	0	1	0.00	1
62	0	5	0.00	5
63	0	2	0.00	2
64	0	5	0.00	5
65	0	2	0.00	2
66	0	0		0
67	0	2	0.00	2
68	0	3	0.00	3
69	0	1	0.00	1
70	1	25	3.85	26
71	0	3	0.00	3
72	0	0		0
73	0	3	0.00	3
74	0	7	0.00	7
75	0	14	0.00	14
76	0	1	0.00	1
77	15	603	2.43	618
78	0	9	0.00	9
79	0	2	0.00	2
80	0	7	0.00	7
81	0	2	0.00	2
82	0	0		0
83	0	1	0.00	1
84	0	2	0.00	2
85	0	0		0
86	0	0		0
87	0	1	0.00	1
88	0	1	0.00	1
89	0	0		0
90	0	1	0.00	1
91	0	2	0.00	2
92	0	1	0.00	1
93	0	1	0.00	1
94	0	1	0.00	1
95	0	1	0.00	1
96	0	1	0.00	1
97	0	2	0.00	2
98	0	4	0.00	4
99	0	3	0.00	3
100	0	14	0.00	14
101	0	5	0.00	5
102	5	589	0.84	594
103	0	0		0
104	0	0		0
105	0	1	0.00	1
106	0	2	0.00	2
107	0	0		0
108	0	0		0
109	0	0		0
110	0	1	0.00	1
111	0	0		0
112	0	1	0.00	1
113	0	1	0.00	1
114	0	0		0
115	0	1	0.00	1
116	0	0		0
117	0	1	0.00	1
118	0	0		0
119	0	0		0
120	0	0		0
121	0	1	0.00	1
122	0	0		0
123	0	0		0
124	0	0		0
125	0	0		0
126	0	0		0
127	0	0		0
128	0	0		0
129	0	0		0

CHG context (R2)
================
position	count methylated	count unmethylated	% methylation	coverage
1	0	293	0.00	293
2	0	772	0.00	772
3	0	147	0.00	147
4	0	515	0.00	515
5	1	1907	0.05	1908
6	0	399	0.00	399
7	0	653	0.00	653
8	0	146	0.00	146
9	0	1627	0.00	1627
10	0	990	0.00	990
11	0	10	0.00	10
12	0	761	0.00	761
13	0	100	0.00	100
14	0	504	0.00	504
15	0	292	0.00	292
16	0	1280	0.00	1280
17	0	46	0.00	46
18	0	1391	0.00	1391
19	0	26	0.00	26
20	0	539	0.00	539
21	10	929	1.06	939
22	0	1	0.00	1
23	0	5	0.00	5
24	0	33	0.00	33
25	0	39	0.00	39
26	4	631	0.63	635
27	0	13	0.00	13
28	0	2	0.00	2
29	0	17	0.00	17
30	1	4	20.00	5
31	3	633	0.47	636
32	0	2	0.00	2
33	1	7	12.50	8
34	1	8	11.11	9
35	0	17	0.00	17
36	0	1	0.00	1
37	3	120	2.44	123
38	0	10	0.00	10
39	1	631	0.16	632
40	1	2	33.33	3
41	2	93	2.11	95
42	0	14	0.00	14
43	0	13	0.00	13
44	0	6	0.00	6
45	5	625	0.79	630
46	1	10	9.09	11
47	1	3	25.00	4
48	2	86	2.27	88
49	0	7	0.00	7
50	9	632	1.40	641
51	1	3	25.00	4
52	0	2	0.00	2
53	0	6	0.00	6
54	0	21	0.00	21
55	0	3	0.00	3
56	7	623	1.11	630
57	0	5	0.00	5
58	0	14	0.00	14
59	0	2	0.00	2
60	18	652	2.69	670
61	0	14	0.00	14
62	0	0		0
63	0	2	0.00	2
64	0	3	0.00	3
65	0	8	0.00	8
66	0	9	0.00	9
67	0	3	0.00	3
68	0	8	0.00	8
69	0	46	0.00	46
70	0	3	0.00	3
71	10	618	1.59	628
72	0	5	0.00	5
73	0	0		0
74	0	1	0.00	1
75	0	5	0.00	5
76	0	4	0.00	4
77	0	18	0.00	18
78	0	1	0.00	1
79	11	599	1.80	610
80	0	3	0.00	3
81	0	3	0.00	3
82	0	2	0.00	2
83	0	3	0.00	3
84	0	3	0.00	3
85	0	16	0.00	16
86	0	3	0.00	3
87	10	591	1.66	601
88	0	0		0
89	0	1	0.00	1
90	0	2	0.00	2
91	0	1	0.00	1
92	0	0		0
93	0	0		0
94	0	2	0.00	2
95	0	0		0
96	0	1	0.00	1
97	0	3	0.00	3
98	0	2	0.00	2
99	0	15	0.00	15
100	0	4	0.00	4
101	2	592	0.34	594
102	0	2	0.00	2
103	0	3	0.00	3
104	0	0		0
105	0	2	0.00	2
106	0	0		0
107	0	0		0
108	0	1	0.00	1
109	0	2	0.00	2
110	0	0		0
111	0	1	0.00	1
112	0	1	0.00	1
113	0	9	0.00	9
114	0	2	0.00	2
115	1	494	0.20	495
116	0	1	0.00	1
117	0	1	0.00	1
118	0	1	0.00	1
119	0	0		0
120	0	0		0
121	0	0		0
122	0	0		0
123	0	0		0
124	0	2	0.00	2
125	0	0		0
126	0	0		0
127	0	1	0.00	1
128	0	0		0
129	0	0		0

CHH context (R2)
================
position	count methylated	count unmethylated	% methylation	coverage
1	1	828	0.12	829
2	0	71	0.00	71
3	0	782	0.00	782
4	0	476	0.00	476
5	1	617	0.16	618
6	0	452	0.00	452
7	1	1241	0.08	1242
8	1	1416	0.07	1417
9	1	2481	0.04	2482
10	1	1777	0.06	1778
11	0	682	0.00	682
12	1	1752	0.06	1753
13	0	2937	0.00	2937
14	0	47	0.00	47
15	1	1929	0.05	1930
16	1	1129	0.09	1130
17	1	1179	0.08	1180
18	0	572	0.00	572
19	0	1050	0.00	1050
20	0	104	0.00	104
21	0	210	0.00	210
22	0	16	0.00	16
23	0	15	0.00	15
24	7	637	1.09	644
25	3	638	0.47	641
26	0	22	0.00	22
27	0	29	0.00	29
28	0	21	0.00	21
29	1	633	0.16	634
30	5	633	0.78	638
31	0	9	0.00	9
32	0	4	0.00	4
33	0	12	0.00	12
34	1	13	7.14	14
35	0	29	0.00	29
36	0	20	0.00	20
37	5	628	0.79	633
38	6	627	0.95	633
39	0	10	0.00	10
40	0	25	0.00	25
41	1	15	6.25	16
42	1	15	6.25	16
43	4	633	0.63	637
44	6	628	0.95	634
45	0	9	0.00	9
46	0	18	0.00	18
47	2	101	1.94	103
48	9	631	1.41	640
49	5	627	0.79	632
50	0	3	0.00	3
51	2	83	2.35	85
52	0	4	0.00	4
53	7	641	1.08	648
54	0	11	0.00	11
55	5	633	0.78	638
56	0	8	0.00	8
57	0	2	0.00	2
58	0	5	0.00	5
59	0	2	0.00	2
60	0	4	0.00	4
61	0	7	0.00	7
62	0	9	0.00	9
63	0	13	0.00	13
64	0	16	0.00	16
65	0	9	0.00	9
66	15	625	2.34	640
67	0	4	0.00	4
68	11	619	1.75	630
69	0	7	0.00	7
70	0	5	0.00	5
71	0	7	0.00	7
72	0	32	0.00	32
73	0	18	0.00	18
74	0	6	0.00	6
75	15	611	2.40	626
76	0	7	0.00	7
77	0	5	0.00	5
78	0	12	0.00	12
79	0	9	0.00	9
80	0	16	0.00	16
81	0	15	0.00	15
82	11	597	1.81	608
83	12	592	1.99	604
84	0	17	0.00	17
85	0	8	0.00	8
86	10	594	1.66	604
87	0	5	0.00	5
88	0	16	0.00	16
89	0	16	0.00	16
90	5	601	0.83	606
91	6	609	0.98	615
92	0	12	0.00	12
93	5	605	0.82	610
94	0	3	0.00	3
95	5	592	0.84	597
96	0	4	0.00	4
97	0	3	0.00	3
98	0	12	0.00	12
99	0	4	0.00	4
100	3	591	0.51	594
101	0	2	0.00	2
102	0	4	0.00	4
103	0	2	0.00	2
104	0	2	0.00	2
105	0	1	0.00	1
106	0	3	0.00	3
107	0	1	0.00	1
108	0	2	0.00	2
109	0	4	0.00	4
110	0	4	0.00	4
111	0	11	0.00	11
112	0	11	0.00	11
113	3	496	0.60	499
114	2	497	0.40	499
115	0	2	0.00	2
116	0	1	0.00	1
117	0	2	0.00	2
118	0	1	0.00	1
119	0	1	0.00	1
120	0	1	0.00	1
121	0	1	0.00	1
122	0	0		0
123	0	0		0
124	0	0		0
125	0	1	0.00	1
126	0	0		0
127	0	0		0
128	0	1	0.00	1
129	0	1	0.00	1

